Math.tan(0.7853981633974483)=0.9999999999999999
Math.tan(-3.141592653589793)=1.2246467991473532E-16
