Math.exp(5.0)=148.4131591025766
Math.exp(0.5)=1.6487212707001282
