Math.cos(0.7853981633974483)=0.7071067811865476
Math.cos(3.141592653589793)=-1.0
